uav_names: ["uav1", "uav2", "uav3", "uav4" ,"uav5", "uav6", "uav7","uav8", "uav9"] #, "uav11"]

# odometry_topic: "estimation_manager/ground_truth/odom"
odometry_topic: "estimation_manager/odom_main"
uav_uvdar_ids: [1,2,3,4,5,6,7,8,9] # 0,1,2,3,4] #,"uav40","uav41"] #, \"uav11\"]\n

set_reference_timer:
  rate: 10 # [Hz]
  
size_neighbors1: 0.5 
size_obstacles1: 0.05 
encumbrance: 0.5 
maximum_distance_conn: 8.0
noisy_measurements: 0.0 #0.15
noisy_angle: 0.0 #0.3
threshold: 0.6 
window_length: 1 #10
bias_error: 0.0 #0.5
cwvd_obs: 0.99
cwvd_rob: 0.99
simulation: true
refZ: 1.0
max_obstacle_integration_dist: 9.0
replanner_flag: false
connectivity_flag: true
Adj_matrix_uav1: [0,0,0,1,1,0,0,0,1]
Adj_matrix_uav2: [0,0,0,1,0,1,1,0,0]
Adj_matrix_uav3: [0,0,0,1,1,1,0,0,0]
Adj_matrix_uav4: [1,1,1,0,0,0,0,1,0]
Adj_matrix_uav5: [1,0,1,0,0,0,0,0,0]
Adj_matrix_uav6: [0,1,1,0,0,0,0,0,0]
Adj_matrix_uav7: [0,1,0,0,0,0,0,1,0]
Adj_matrix_uav8: [0,0,0,1,0,0,1,0,1]
Adj_matrix_uav9: [1,0,0,0,0,0,0,1,0]

# Adj_matrix_uav1: [0,0,0,0,0,0,0,0,0]
# Adj_matrix_uav2: [0,0,0,0,0,0,0,0,0]
# Adj_matrix_uav3: [0,0,0,0,0,0,0,0,0]
# Adj_matrix_uav4: [0,0,0,0,0,0,0,0,0]
# Adj_matrix_uav5: [0,0,0,0,0,0,0,0,0]
# Adj_matrix_uav6: [0,0,0,0,0,0,0,0,0]
# Adj_matrix_uav7: [0,0,0,0,0,0,0,0,0]
# Adj_matrix_uav8: [0,0,0,0,0,0,0,0,0]
# Adj_matrix_uav9: [0,0,0,0,0,0,0,0,0]
# control approach params
controlled_dimensions: 3

max_distance_to_initial_position: 2.0



d1: 0.5
d2: 1.0
d3: 0.5
d4: 1.0
radius: 5.0 
betaD: 0.5 
beta_min: 0.2
dt: 0.15
step_size: 0.3


monitored_area_origin:
  x: 0.0
  y: 0.0
  z: 0.0

final_positions: # defined with respect to monitored_area_origin

  uav1:
    x: -3.0
    y: 40.0
    z: 1.0

  uav2:
    x: 3.0
    y: 40.0
    z: 1.0
      
  uav3:
    x: 0.0
    y: 43.0
    z: 1.0

  uav4:
    x: 0.0
    y: 40.0
    z: 1.0

  uav5:
    x: -3.0
    y: 43.0
    z: 1.0

  uav6:
    x: 3.0
    y: 43.0
    z: 1.0

  uav7:
    x: 3.0
    y: 37.0
    z: 1.0
  uav8:
    x: 0.0
    y: 37.0
    z: 1.0
      
  uav9:
    x: -3.0
    y: 37.0
    z: 1.0


initial_positions: # defined with respect to monitored_area_origin

  uav1:
    x: -6.0 #10
    y: -42.0 #0
    z: 2.0

  uav2:
    x: -0.0 #6.2348980185873355
    y: -42.0 #7.818314824680298
    z: 2.0

  uav3:
    x: -3.0 #-2.22520933956314
    y: -39.0 #9.7492791218
    z: 2.0

  uav4:
    x: -3.0 #-2.22520933956314
    y: -42.0 #9.7492791218
    z: 2.0

  uav5:
    x: -6.0 #10
    y: -39.0 #0
    z: 2.0

  uav6:
    x: -0.0 #6.2348980185873355
    y: -39.0 #7.818314824680298
    z: 2.0

  uav7:
    x: 0.0 #-2.22520933956314
    y: -45.0 #9.7492791218
    z: 2.0
      
  uav8:
    x: -3.0 #10
    y: -45.0 #0
    z: 2.0

  uav9:
    x: -6.0 #6.2348980185873355
    y: -45.0 #7.818314824680298
    z: 2.0

